format short eng
E = 2*10^5;
Ae = 2000;
n = 7;
DOF =2 ;
NNODE = 5;
GR= DOF * NNODE;
GC = GR;
x = [0;12000;24000;18000;6000];
y =[ 0;0;0;8000;8000];
LOC = [1 2; 2 3;3 4; 4 2 ;2 5; 5 1; 5 4];
